0.000000
108.226570
-71.043350
-114.832260
-0.000000
108.172775
-71.143387
-114.832642
-0.000000
108.186226
-71.202545
-114.803360
0.000000
108.300583
-71.154030
-114.833862
0.000000
108.282837
-71.135757
-114.953171
0.000000
108.156914
-71.182808
-115.034859
-0.000000
108.107925
-71.148926
-114.992432
-0.000000
108.163239
-71.061172
-114.872520
0.000000
108.287125
-71.057388
-114.797195
0.000000
108.408783
-70.981163
-114.792809
-0.000000
108.503227
-70.882492
-114.821892
0.000000
108.558983
-70.867432
-114.854881
-0.000000
108.576553
-70.874687
-114.970139
-0.000000
108.545677
-70.901886
-115.096306
0.000000
108.507942
-70.974312
-115.048149
-0.000000
108.468277
-71.169678
-115.026169
-0.000000
108.465134
-71.272316
-114.948181
0.000000
108.491554
-71.220543
-114.738922
0.000000
108.479279
-71.192062
-114.591339
-0.000000
108.481186
-71.113083
-114.594627
-0.000000
108.634750
-71.062012
-114.598450
0.000000
108.748566
-71.074936
-114.576149
-0.000000
108.852371
-71.020996
-114.509148
-0.000000
108.824135
-71.015892
-114.447113
-0.000000
108.809486
-71.013695
-114.386070
0.000000
108.856377
-70.963272
-114.377235
-0.000000
108.827812
-71.029442
-114.412613
-0.000000
108.807854
-70.983627
-114.375092
-0.000000
108.756645
-70.863655
-114.304802
0.000000
108.730385
-70.846855
-114.270546
-0.000000
108.620697
-71.000206
-114.323387
0.000000
108.426796
-71.066498
-114.277542
0.000000
108.373375
-70.977554
-114.103844
-0.000000
108.290977
-70.918381
-114.095406
0.000000
108.163582
-70.933983
-114.187263
-0.000000
108.179375
-70.972549
-114.168816
-0.000000
108.270332
-70.996239
-114.134628
0.000000
108.357491
-71.036888
-114.249390
0.000000
108.389290
-71.059685
-114.322884
-0.000000
108.309296
-71.026550
-114.270950
0.000000
108.253212
-71.029083
-114.221245
0.000000
108.226891
-71.067047
-114.227280
0.000000
108.305725
-71.010994
-114.160172
0.000000
108.437370
-70.914330
-114.114738
0.000000
108.585403
-70.910362
-114.053551
0.000000
108.563614
-70.969872
-114.099358
0.000000
108.507538
-70.848183
-114.159882
-0.000001
108.474846
-70.736847
-114.176147
0.000000
108.384743
-70.717972
-114.225899
0.000000
108.201599
-70.821831
-114.393410
-0.000000
108.048027
-70.929062
-114.564796
0.000001
107.908417
-70.904228
-114.703346
-0.000001
107.918045
-70.751793
-114.661224
-0.000000
108.039825
-70.577408
-114.554222
-0.000000
108.162216
-70.585945
-114.501167
-0.000000
108.295174
-70.637169
-114.461494
-0.000001
108.376602
-70.587921
-114.423897
-0.000000
108.316994
-70.602867
-114.481506
0.000001
108.140480
-70.774727
-114.579460
0.000000
108.096352
-70.934280
-114.503960
-0.000000
108.047768
-71.077866
-114.417557
-0.000000
107.933098
-71.177956
-114.470055
0.000000
107.921829
-71.165421
-114.515572
-0.000001
107.920868
-71.198090
-114.479698
-0.000000
107.880234
-71.337730
-114.440536
-0.000000
107.833466
-71.446182
-114.422913
-0.000001
107.937439
-71.382027
-114.274292
0.000001
108.015884
-71.292191
-114.248268
-0.000001
108.037437
-71.308861
-114.313370
-0.000000
108.037247
-71.301514
-114.276962
0.000000
107.941841
-71.356041
-114.216118
0.000000
107.824707
-71.369850
-114.181396
-0.000000
107.716331
-71.398705
-114.257462
-0.000000
107.540558
-71.567131
-114.542824
0.000000
107.396179
-71.701897
-114.845284
0.000000
107.315598
-71.709198
-115.038933
-0.000000
107.368263
-71.749069
-115.199593
0.000000
107.493446
-71.680466
-115.212967
-0.000000
107.658165
-71.492516
-115.074463
0.000000
107.826706
-71.371613
-114.971092
-0.000000
108.011314
-71.337883
-114.884811
-0.000000
108.164330
-71.215073
-114.780418
0.000001
108.196747
-71.137436
-114.765602
0.000000
108.138588
-71.135429
-114.747551
0.000000
108.077797
-71.184502
-114.744644
0.000000
108.086632
-71.236031
-114.761375
-0.000000
108.179428
-71.265900
-114.742271
-0.000001
108.312370
-71.139565
-114.695915
-0.000000
108.394768
-71.012100
-114.625893
-0.000002
108.489960
-70.966553
-114.565063
0.000001
108.477303
-70.964256
-114.596390
0.000001
108.388412
-70.915405
-114.637985
-0.000000
108.338799
-70.855682
-114.628883
0.000000
108.353790
-70.948021
-114.596405
-0.000000
108.513847
-70.979759
-114.540848
-0.000001
108.484306
-71.063377
-114.553444
-0.000000
108.412079
-71.159309
-114.540985
0.000001
108.415359
-71.260666
-114.581673
0.000000
108.490929
-71.345383
-114.625359
0.000001
108.481895
-71.317299
-114.671738
0.000002
108.461639
-71.306023
-114.742363
-0.000001
108.431770
-71.342758
-114.779137
-0.000001
108.393486
-71.357704
-114.798302
0.000000
108.366898
-71.350533
-114.858025
0.000001
108.359116
-71.364433
-114.935600
-0.000002
108.349060
-71.356239
-114.894363
-0.000000
108.327576
-71.405838
-114.885170
-0.000001
108.257942
-71.503891
-114.979042
-0.000000
108.157936
-71.547157
-115.104416
-0.000000
108.195709
-71.529449
-115.106453
-0.000001
108.332329
-71.531151
-115.195587
0.000001
108.442261
-71.476700
-115.292686
0.000002
108.592682
-71.381630
-115.292984
-0.000001
108.696625
-71.314293
-115.280716
0.000000
108.782455
-71.316483
-115.238396
0.000001
108.888031
-71.324532
-115.182449
0.000000
109.004578
-71.306419
-115.164757
-0.000000
109.129311
-71.235611
-115.058304
0.000001
109.322502
-71.104668
-114.859352
-0.000001
109.395554
-71.058609
-114.727898
-0.000001
109.387054
-70.938011
-114.636383
0.000000
109.407059
-70.832855
-114.567070
0.000001
109.379082
-70.875214
-114.588287
0.000000
109.383133
-71.001961
-114.597725
-0.000000
109.294403
-71.102386
-114.693108
-0.000000
109.216194
-71.144135
-114.799774
0.000000
109.204857
-71.176430
-114.846863
-0.000000
109.221161
-71.228470
-114.933937
0.000001
109.223854
-71.292931
-114.954552
0.000001
109.189453
-71.271393
-114.884979
-0.000001
109.169083
-71.156746
-114.847878
0.000000
109.215729
-71.060722
-114.838188
0.000001
109.170197
-71.076843
-114.864609
0.000000
108.938629
-71.189270
-115.033752
0.000000
108.758202
-71.256416
-115.194328
-0.000001
108.596466
-71.268814
-115.355865
-0.000000
108.522285
-71.284538
-115.346985
0.000000
108.480186
-71.399063
-115.361504
-0.000000
108.481331
-71.494301
-115.426628
-0.000001
108.535889
-71.472580
-115.349434
-0.000000
108.615372
-71.356339
-115.141655
0.000001
108.819176
-71.281776
-115.011391
0.000000
108.959030
-71.311668
-114.973564
0.000000
108.904427
-71.359680
-114.999069
-0.000000
108.882721
-71.316109
-114.956192
-0.000000
108.834892
-71.289284
-114.912750
-0.000000
108.783348
-71.335831
-114.900398
0.000001
108.711319
-71.323685
-114.842506
0.000000
108.746231
-71.228859
-114.844269
-0.000000
108.829849
-71.215637
-114.847137
0.000001
108.918182
-71.251686
-114.838722
-0.000000
108.922295
-71.347229
-114.982513
0.000000
108.874435
-71.510849
-115.250763
0.000000
108.815353
-71.560539
-115.591995
-0.000001
108.692162
-71.531578
-115.766304
0.000000
108.601265
-71.407806
-115.745621
-0.000000
108.519379
-71.314606
-115.584869
-0.000000
108.532578
-71.297684
-115.382637
-0.000000
108.561722
-71.364777
-115.346764
-0.000000
108.655922
-71.396820
-115.273888
-0.000000
108.798653
-71.387375
-115.195122
0.000000
108.911926
-71.284370
-115.129921
0.000000
108.976349
-71.165810
-115.105690
0.000000
108.926521
-71.185722
-115.127449
-0.000000
108.997643
-71.208260
-115.103447
0.000000
109.157059
-71.169327
-115.004601
0.000000
109.186432
-71.022301
-114.923500
-0.000000
109.080147
-70.914360
-114.956848
-0.000000
108.980721
-70.989906
-115.030678
-0.000000
109.059746
-71.031654
-114.968987
-0.000000
109.140045
-70.998352
-114.780884
0.000000
109.113846
-70.973351
-114.616959
0.000000
109.134888
-70.895691
-114.461914
-0.000000
109.157478
-70.917015
-114.463707
0.000000
109.169296
-70.939827
-114.539032
0.000000
109.158440
-70.959923
-114.520042
0.000000
109.144859
-70.980942
-114.494354
-0.000000
109.132011
-71.005882
-114.496490
0.000000
109.032944
-71.165154
-114.628899
0.000000
108.907570
-71.336388
-114.854652
-0.000000
108.790840
-71.486259
-115.147858
-0.000000
108.786560
-71.479797
-115.269493
-0.000000
108.879166
-71.376869
-115.266281
-0.000000
108.826843
-71.396690
-115.319977
-0.000000
108.745956
-71.452370
-115.357903
-0.000000
108.700516
-71.426109
-115.344513
0.000000
108.774391
-71.347862
-115.345062
-0.000000
108.916161
-71.257286
-115.417351
0.000000
108.975189
-71.271751
-115.512566
0.000000
108.930679
-71.352081
-115.614159
-0.000000
108.830330
-71.482635
-115.687454
0.000000
108.797646
-71.576340
-115.617546
0.000000
108.758202
-71.604477
-115.566231
0.000000
108.732742
-71.615242
-115.530746
0.000000
108.695358
-71.692696
-115.555565
-0.000000
108.709061
-71.636864
-115.545677
0.000000
108.764259
-71.529884
-115.517044
-0.000000
108.761589
-71.493347
-115.634949
-0.000000
108.696449
-71.496521
-115.722031
0.000000
108.656914
-71.549896
-115.733475
0.000000
108.683693
-71.558960
-115.676544
0.000000
108.688316
-71.539040
-115.567490
0.000000
108.634804
-71.575363
-115.598595
-0.000000
108.568634
-71.594810
-115.641365
0.000000
108.597588
-71.445618
-115.504570
-0.000000
108.604408
-71.285652
-115.355171
0.000000
108.505707
-71.208069
-115.282684
0.000000
108.521965
-71.278458
-115.205009
0.000000
108.675499
-71.265930
-115.144897
0.000000
108.691978
-71.362061
-115.137138
-0.000000
108.717979
-71.440231
-115.021675
0.000000
108.817253
-71.315620
-114.977646
-0.000000
108.833092
-71.136360
-115.155647
-0.000000
108.784477
-71.114868
-115.239288
0.000000
108.657616
-71.177536
-115.184975
0.000001
108.447174
-71.205322
-115.271812
-0.000000
108.502983
-71.164322
-115.142502
0.000000
108.667740
-71.200615
-114.866211
0.000001
108.666985
-71.220795
-114.788330
-0.000001
108.512810
-71.228142
-114.872162
-0.000001
108.332016
-71.281502
-114.900826
-0.000000
108.314468
-71.307762
-114.940613
-0.000001
108.389069
-71.336296
-115.043823
-0.000000
108.351997
-71.354332
-115.037704
0.000000
108.307724
-71.265900
-114.961761
-0.000001
108.191185
-71.227638
-114.994820
-0.000001
108.035370
-71.282509
-115.044914
0.000000
108.033791
-71.354378
-115.069885
-0.000000
108.021782
-71.374611
-115.063126
0.000000
107.986725
-71.400253
-115.105469
-0.000000
107.994591
-71.381630
-115.219398
0.000000
108.058754
-71.468483
-115.310768
-0.000000
107.977051
-71.628098
-115.464340
0.000000
107.962662
-71.722427
-115.654343
0.000000
108.030602
-71.667938
-115.706078
-0.000000
108.105980
-71.538673
-115.609550
0.000000
108.103409
-71.518738
-115.567451
0.000001
108.108650
-71.475800
-115.494545
0.000001
108.125664
-71.361984
-115.482315
-0.000000
108.068275
-71.358551
-115.601791
-0.000000
108.060417
-71.415932
-115.634689
-0.000000
108.166039
-71.392509
-115.474831
0.000000
108.328278
-71.266823
-115.298111
0.000000
108.358681
-71.156937
-115.171738
0.000001
108.312645
-71.044510
-114.969727
0.000001
108.287018
-70.977928
-114.877670
-0.000001
108.293457
-70.971344
-114.922623
0.000000
108.435989
-70.977280
-114.857536
-0.000001
108.547836
-70.910606
-114.812035
0.000000
108.530746
-70.901123
-114.777924
0.000000
108.527031
-70.901245
-114.746132
-0.000001
108.547531
-70.881363
-114.755859
-0.000001
108.562325
-70.887611
-114.817444
-0.000000
108.666435
-70.870750
-114.887985
-0.000000
108.802109
-70.893089
-114.972649
0.000000
109.002365
-70.885788
-114.927216
0.000000
109.094353
-70.841728
-114.845078
0.000001
109.069420
-70.792458
-114.761894
-0.000000
108.973053
-70.847061
-114.794273
-0.000000
108.940613
-70.981651
-114.867233
-0.000000
108.852844
-71.202049
-114.911476
-0.000000
108.753929
-71.315720
-114.877945
-0.000000
108.676460
-71.375023
-114.913910
0.000001
108.708923
-71.417953
-114.980324
-0.000000
108.883636
-71.371918
-114.849609
-0.000001
108.980087
-71.284782
-114.552399
-0.000002
108.868896
-71.260223
-114.378967
0.000001
108.688042
-71.281487
-114.269165
0.000000
108.596542
-71.302406
-114.293877
0.000001
108.550995
-71.316605
-114.361900
-0.000001
108.433578
-71.376099
-114.469215
0.000001
108.329224
-71.371178
-114.534386
-0.000000
108.257896
-71.310898
-114.641579
-0.000001
108.203537
-71.360664
-114.698624
-0.000002
108.128120
-71.369026
-114.616364
0.000001
108.143852
-71.303932
-114.507446
0.000001
108.282043
-71.122345
-114.340652
0.000002
108.345840
-70.934853
-114.298134
0.000002
108.262161
-70.839149
-114.326546
-0.000001
108.239105
-70.822243
-114.343437
-0.000002
108.217972
-70.922958
-114.368446
-0.000000
108.161247
-71.025108
-114.368408
0.000000
108.073326
-71.027466
-114.472855
0.000001
108.033203
-71.002502
-114.530327
-0.000001
107.974609
-71.032433
-114.534454
-0.000000
108.062469
-70.992828
-114.506546
-0.000000
108.108734
-70.931534
-114.480209
0.000000
108.099770
-70.919952
-114.426353
0.000000
108.100853
-70.871773
-114.363045
-0.000000
108.123474
-70.858032
-114.262230
-0.000000
108.205200
-70.862686
-114.186890
-0.000000
108.205421
-70.900543
-114.092209
0.000000
108.185509
-70.977249
-114.071808
0.000001
108.194290
-70.925087
-114.096779
-0.000000
108.278366
-70.815109
-114.038292
-0.000000
108.342445
-70.792419
-114.052757
0.000000
108.358780
-70.846458
-114.197571
-0.000001
108.363113
-70.922272
-114.251228
-0.000000
108.354973
-71.048561
-114.257950
0.000000
108.510017
-71.008728
-114.194283
0.000001
108.609940
-70.973091
-114.124146
-0.000000
108.518082
-71.027451
-114.171272
0.000001
108.396431
-71.044006
-114.194962
0.000001
108.325424
-71.054771
-114.105270
0.000000
108.270477
-71.063812
-114.043427
0.000001
108.180878
-71.081612
-114.077286
-0.000000
108.097374
-71.067200
-114.091309
-0.000000
108.048256
-71.039711
-114.134651
-0.000001
107.972672
-71.066528
-114.219582
-0.000001
107.947418
-71.129120
-114.316048
-0.000001
107.919853
-71.302849
-114.454155
-0.000000
107.813431
-71.481461
-114.548073
-0.000001
107.794556
-71.468224
-114.567795
-0.000001
107.852737
-71.432686
-114.617126
0.000001
107.878067
-71.449707
-114.708321
0.000001
107.926193
-71.398544
-114.709373
0.000000
108.080475
-71.361885
-114.687805
-0.000001
108.206085
-71.323952
-114.643501
-0.000000
108.177109
-71.353470
-114.650879
-0.000001
108.190666
-71.306831
-114.585312
-0.000000
108.211388
-71.129402
-114.490547
-0.000000
108.233902
-70.872322
-114.366638
0.000000
108.257347
-70.691635
-114.213074
0.000000
108.314125
-70.642822
-114.053864
0.000001
108.359848
-70.634644
-113.975502
0.000000
108.464363
-70.603310
-113.913040
0.000000
108.597954
-70.594879
-113.887413
0.000000
108.557472
-70.587914
-113.967232
0.000000
108.367027
-70.675682
-114.152916
0.000000
108.218613
-70.800583
-114.298248
0.000000
108.149956
-70.972565
-114.409096
-0.000000
108.149780
-71.218887
-114.532936
-0.000000
108.199944
-71.353661
-114.617073
-0.000000
108.321632
-71.371086
-114.641235
0.000000
108.487717
-71.277832
-114.743523
0.000000
108.555313
-71.233871
-114.898285
0.000000
108.473221
-71.277443
-115.011093
0.000000
108.370697
-71.296066
-115.087357
-0.000000
108.277740
-71.335945
-115.151070
0.000000
108.254753
-71.437431
-115.175041
0.000000
108.292908
-71.496582
-115.155525
-0.000000
108.389305
-71.409409
-114.948570
-0.000000
108.428444
-71.373802
-114.765808
0.000000
108.421692
-71.379410
-114.750122
-0.000000
108.496964
-71.330124
-114.693871
0.000000
108.536613
-71.246887
-114.670349
-0.000000
108.504227
-71.280998
-114.799545
-0.000000
108.349945
-71.383026
-114.982773
0.000000
108.326302
-71.379738
-114.986641
0.000000
108.492859
-71.277962
-114.826050
0.000000
108.475548
-71.284157
-114.854759
0.000000
108.431007
-71.380524
-115.074036
0.000000
108.493912
-71.345345
-115.137733
0.000000
108.547836
-71.201920
-115.081619
-0.000000
108.648918
-71.089630
-114.942856
-0.000000
108.703552
-71.166000
-114.817047
0.000000
108.748085
-71.139473
-114.708267
-0.000000
108.811256
-71.061119
-114.652748
-0.000000
108.865662
-71.011398
-114.616936
-0.000000
108.848824
-70.891960
-114.535538
0.000000
108.825691
-70.857239
-114.393616
-0.000000
108.811859
-70.939369
-114.382187
0.000000
108.882683
-71.006973
-114.436195
0.000000
109.005219
-71.017693
-114.524506
0.000000
109.051590
-71.063423
-114.693420
-0.000000
108.997887
-71.140625
-114.959824
0.000000
108.992981
-71.161392
-115.106041
-0.000000
109.023338
-71.145584
-115.109909
-0.000000
109.081573
-71.130661
-115.123299
0.000000
109.218811
-71.194237
-115.082848
0.000000
109.377800
-71.126701
-115.021141
0.000000
109.377800
-70.992149
-115.112488
-0.000000
109.296646
-71.040070
-115.189972
-0.000000
109.203392
-71.152893
-115.254105
0.000000
109.113434
-71.210075
-115.355743
0.000000
109.240501
-71.164406
-115.350685
0.000000
109.321159
-71.204895
-115.283340
-0.000000
109.307060
-71.265160
-115.229477
0.000000
109.255386
-71.281990
-115.250557
0.000001
109.206345
-71.272659
-115.219604
-0.000000
109.184883
-71.225075
-115.143936
-0.000001
109.076569
-71.228394
-115.216743
-0.000001
108.944954
-71.216339
-115.337601
0.000000
108.944740
-71.097786
-115.264015
-0.000000
108.982277
-70.990036
-115.154800
0.000000
108.997276
-70.930595
-115.155098
0.000001
109.005341
-70.981522
-115.203537
0.000001
109.036194
-71.115089
-115.335060
0.000001
108.976837
-71.165611
-115.385628
0.000001
108.794510
-71.136246
-115.351616
0.000001
108.712296
-71.102470
-115.301773
0.000000
108.755173
-71.102814
-115.221176
-0.000000
108.846214
-71.148682
-115.146385
0.000001
108.963829
-71.158623
-115.100372
0.000000
109.036644
-71.100288
-115.030800
0.000001
109.059738
-71.066513
-115.015350
-0.000000
109.038437
-71.096664
-115.026146
-0.000000
109.089935
-71.024323
-114.999954
-0.000000
109.201492
-70.884155
-114.931358
-0.000001
109.275864
-70.855522
-114.956177
0.000000
109.290199
-70.944283
-114.959457
0.000000
109.171944
-70.998833
-114.997841
0.000000
109.153160
-70.825706
-114.958282
0.000000
109.124176
-70.720276
-114.940887
0.000001
109.023415
-70.767899
-115.036140
-0.000000
108.930817
-70.844902
-115.002235
-0.000001
109.042404
-70.831566
-114.759453
-0.000000
109.149208
-70.851921
-114.673935
-0.000000
109.088287
-70.817825
-114.705605
0.000000
108.945663
-70.791443
-114.747093
0.000001
108.894547
-70.801514
-114.752571
0.000001
108.895897
-70.931946
-114.837906
0.000001
108.926392
-71.035797
-114.876099
0.000000
108.995872
-71.015137
-114.804138
0.000001
109.060326
-71.092041
-114.819214
0.000001
109.018196
-71.205254
-114.830666
-0.000000
108.957291
-71.251694
-114.826141
-0.000000
109.014870
-71.164474
-114.735153
-0.000001
109.023788
-71.164009
-114.607552
-0.000001
109.011673
-71.260422
-114.624786
-0.000001
109.201485
-71.302376
-114.632210
0.000001
109.330078
-71.287697
-114.646904
-0.000001
109.406685
-71.202736
-114.692818
-0.000001
109.453903
-71.190872
-114.664200
0.000000
109.535255
-71.324615
-114.628685
-0.000002
109.514923
-71.490845
-114.837563
0.000001
109.349014
-71.513588
-114.999626
0.000000
109.162483
-71.460831
-115.025513
0.000001
108.994087
-71.389542
-114.948624
-0.000001
108.845627
-71.365662
-114.896027
0.000000
108.741646
-71.423439
-114.975082
-0.000001
108.697464
-71.435364
-115.034065
-0.000001
108.767792
-71.334625
-115.028374
0.000001
108.754242
-71.323021
-115.176132
0.000000
108.765350
-71.444923
-115.242439
-0.000000
108.800095
-71.546570
-115.185928
-0.000001
108.784798
-71.432335
-115.089485
-0.000002
108.694695
-71.398376
-114.988220
-0.000001
108.650795
-71.489334
-114.997925
0.000001
108.577477
-71.545601
-115.120522
-0.000002
108.446083
-71.653465
-115.307549
-0.000001
108.493851
-71.694008
-115.326805
0.000001
108.657761
-71.617531
-115.266701
0.000001
108.819191
-71.499214
-115.224846
-0.000001
108.888618
-71.272629
-115.139595
-0.000000
108.879601
-71.098755
-115.057930
0.000001
108.873383
-71.062119
-115.104187
0.000000
108.856407
-71.031013
-115.056152
-0.000002
108.695953
-71.099220
-115.171928
-0.000001
108.586746
-71.097305
-115.325371
-0.000000
108.669373
-70.954384
-115.339500
-0.000000
108.829231
-70.853676
-115.264793
-0.000000
108.944878
-70.915588
-115.159157
0.000000
109.093811
-70.923210
-115.101494
-0.000001
109.232681
-70.834908
-115.107925
-0.000000
109.299026
-70.864868
-115.127502
0.000000
109.269661
-71.054993
-115.149551
-0.000000
109.174690
-71.172050
-115.137146
-0.000000
109.120705
-71.203964
-115.143135
-0.000000
109.236389
-71.126297
-115.087410
-0.000001
109.280777
-71.085587
-115.032906
-0.000001
109.290367
-70.972443
-114.977608
-0.000000
109.260109
-70.835945
-114.926804
0.000001
109.224182
-70.799469
-114.860771
0.000000
109.212860
-70.809204
-114.780968
-0.000001
109.305992
-70.819847
-114.722610
-0.000001
109.334305
-70.789368
-114.736023
-0.000001
109.225937
-70.816292
-114.844872
-0.000001
109.083229
-70.874825
-114.965858
0.000000
108.890282
-71.050880
-115.052238
-0.000000
108.666214
-71.285469
-115.182884
-0.000000
108.529404
-71.460136
-115.286537
-0.000001
108.448593
-71.598358
-115.383087
0.000000
108.345444
-71.758400
-115.457863
0.000000
108.253510
-71.822266
-115.501717
-0.000001
108.243896
-71.685722
-115.521851
0.000000
108.416924
-71.368736
-115.337875
0.000001
108.501839
-71.201256
-115.184357
0.000000
108.444313
-71.203438
-115.210052
-0.000000
108.393333
-71.183403
-115.229164
0.000000
108.327057
-71.241318
-115.230560
0.000001
108.322258
-71.252716
-115.288597
-0.000000
108.430321
-71.124321
-115.256050
-0.000001
108.471855
-71.040863
-115.171516
0.000000
108.407967
-71.005989
-115.058693
0.000000
108.320473
-71.005966
-114.989304
0.000000
108.186813
-71.032608
-114.924866
0.000000
108.124619
-71.028793
-114.827126
-0.000001
108.145103
-70.936394
-114.751801
0.000000
108.169724
-70.866776
-114.709236
0.000000
108.149780
-70.896370
-114.778671
0.000000
108.097481
-70.878944
-114.865036
0.000000
108.087090
-70.809219
-114.923294
0.000000
107.950050
-70.882401
-114.992950
-0.000000
107.768387
-71.069466
-115.105782
0.000000
107.780861
-71.118462
-115.176407
-0.000000
107.955696
-71.060318
-115.141174
0.000000
108.129906
-71.081856
-115.101959
0.000000
108.189819
-71.096695
-115.031799
0.000000
108.288872
-71.060387
-114.860924
-0.000000
108.366631
-71.110092
-114.733292
0.000000
108.494278
-71.104691
-114.565880
0.000000
108.587044
-71.101395
-114.462967
0.000000
108.555290
-71.174355
-114.561424
0.000000
108.568794
-71.178848
-114.672562
0.000000
108.582848
-71.093277
-114.687271
-0.000000
108.540657
-71.059090
-114.632042
-0.000000
108.450806
-71.223999
-114.665932
0.000000
108.322609
-71.343758
-114.846596
-0.000000
108.131325
-71.411667
-115.014465
-0.000000
108.004547
-71.452835
-115.046829
0.000000
108.094215
-71.359848
-114.902313
0.000000
108.209557
-71.305984
-114.813339
-0.000000
108.262611
-71.281517
-114.720688
-0.000000
108.296455
-71.282570
-114.684608
-0.000000
108.334961
-71.306007
-114.739197
0.000000
108.342369
-71.366302
-114.833420
-0.000000
108.313240
-71.371460
-114.820251
-0.000000
108.360313
-71.314011
-114.733063
-0.000000
108.420525
-71.226891
-114.626991
0.000000
108.479454
-71.174339
-114.431702
-0.000000
108.580833
-71.214752
-114.272873
-0.000000
108.662498
-71.252663
-114.310097
0.000000
108.633186
-71.298569
-114.478592
-0.000000
108.556000
-71.298210
-114.634460
-0.000000
108.478577
-71.334381
-114.695740
0.000000
108.540688
-71.382675
-114.709251
0.000000
108.654961
-71.294907
-114.595993
-0.000000
108.726921
-71.036125
-114.486237
-0.000000
108.672646
-70.966072
-114.441734
-0.000000
108.569435
-71.004906
-114.551514
-0.000000
108.540512
-70.985535
-114.681381
0.000000
108.665421
-70.837677
-114.537270
0.000000
108.723206
-70.761345
-114.488815
-0.000000
108.650505
-70.846306
-114.667915
0.000000
108.553871
-70.993431
-114.748962
-0.000000
108.409431
-71.046547
-114.718239
0.000000
108.221436
-71.122482
-114.738960
-0.000000
108.177895
-71.256599
-114.766518
-0.000000
108.230888
-71.305161
-114.778114
-0.000000
108.343460
-71.190117
-114.638214
0.000000
108.410675
-71.006432
-114.478210
-0.000000
108.413727
-70.895790
-114.465874
0.000001
108.470154
-70.833260
-114.450378
0.000001
108.409714
-70.839561
-114.442734
0.000001
108.224968
-70.896416
-114.464035
-0.000000
108.093842
-70.868912
-114.512596
-0.000000
108.155510
-70.800415
-114.446831
-0.000001
108.222740
-70.782997
-114.295410
0.000001
108.158020
-70.936195
-114.273895
-0.000000
108.127121
-71.122993
-114.383263
0.000000
107.958443
-71.167358
-114.516846
0.000001
107.717812
-71.172821
-114.601334
-0.000000
107.694077
-71.183876
-114.548027
-0.000000
107.755188
-71.281403
-114.503143
-0.000000
107.868286
-71.292892
-114.535263
-0.000000
108.021355
-71.268898
-114.573364
-0.000000
108.057022
-71.273232
-114.634682
-0.000001
108.064034
-71.335091
-114.681984
0.000001
108.033203
-71.341133
-114.658928
-0.000000
108.098083
-71.259537
-114.552696
0.000000
108.194824
-71.233688
-114.408150
-0.000000
108.175560
-71.264969
-114.438339
0.000000
108.097206
-71.164047
-114.456848
-0.000000
108.049706
-71.052338
-114.449524
-0.000001
107.964111
-71.011284
-114.535133
0.000001
107.956612
-70.955696
-114.513084
-0.000000
108.013168
-70.930428
-114.434143
0.000001
108.168839
-70.932648
-114.357124
-0.000000
108.250771
-70.940010
-114.336258
-0.000000
108.310928
-70.861328
-114.260086
0.000000
108.338661
-70.825356
-114.183075
-0.000001
108.270775
-70.841362
-114.198677
-0.000000
108.157257
-70.836159
-114.264664
-0.000001
108.055130
-70.948982
-114.376740
0.000001
108.103813
-71.102371
-114.538803
0.000001
108.079842
-71.228294
-114.710030
0.000000
107.880745
-71.393890
-114.970802
-0.000000
107.739693
-71.557045
-115.002609
0.000000
107.764397
-71.620956
-114.902466
0.000001
107.833199
-71.652527
-114.994476
0.000001
107.940453
-71.635353
-115.035172
-0.000000
108.078705
-71.551231
-114.957420
0.000001
108.127670
-71.415787
-114.805077
-0.000000
108.157806
-71.325348
-114.656769
-0.000000
108.153023
-71.338699
-114.710510
-0.000000
108.234749
-71.306808
-114.695839
0.000002
108.243851
-71.293991
-114.650047
0.000001
108.173836
-71.381691
-114.741150
-0.000000
108.191818
-71.349800
-114.726013
-0.000000
108.255608
-71.297386
-114.557907
0.000001
108.342644
-71.301468
-114.384735
0.000001
108.431107
-71.265244
-114.310219
-0.000001
108.517181
-71.179031
-114.329720
-0.000000
108.568787
-71.164246
-114.387482
0.000001
108.613388
-71.255692
-114.406357
0.000002
108.552872
-71.343506
-114.449188
0.000002
108.551163
-71.288475
-114.428764
0.000001
108.558838
-71.259026
-114.446899
0.000001
108.470497
-71.341667
-114.480026
0.000002
108.356148
-71.377480
-114.502319
-0.000001
108.247726
-71.413765
-114.626526
0.000001
108.079086
-71.537796
-114.862740
0.000001
107.966751
-71.609756
-114.944725
-0.000001
107.922745
-71.560898
-114.911736
0.000000
108.014870
-71.461975
-114.827507
0.000001
108.228271
-71.236160
-114.736259
-0.000001
108.506073
-70.943115
-114.610870
-0.000000
108.717896
-70.741005
-114.552483
0.000000
108.783760
-70.707985
-114.548386
-0.000000
108.776878
-70.802681
-114.637222
0.000000
108.763100
-70.905754
-114.794029
0.000001
108.838005
-70.933983
-114.786156
0.000000
108.766937
-71.015877
-114.770119
-0.000000
108.596680
-71.165367
-114.812973
0.000000
108.677948
-71.132027
-114.801224
-0.000001
108.827682
-71.086113
-114.848953
0.000000
108.919334
-71.017220
-114.784164
0.000000
108.938339
-70.977837
-114.686684
0.000001
108.843666
-71.026237
-114.690575
-0.000001
108.753105
-71.069397
-114.651138
-0.000000
108.721977
-71.188507
-114.649376
-0.000000
108.777573
-71.414581
-114.777168
-0.000000
108.929436
-71.520386
-114.829582
-0.000000
108.974556
-71.525208
-114.836090
-0.000000
108.981178
-71.541245
-114.928062
0.000001
108.930603
-71.479515
-114.983986
-0.000001
108.804840
-71.348251
-115.032425
-0.000000
108.741501
-71.227669
-115.063271
0.000001
108.729836
-71.084961
-115.090469
0.000001
108.699097
-71.111595
-115.209564
-0.000000
108.745827
-71.164673
-115.185509
0.000000
108.833435
-71.228355
-115.200981
0.000001
108.761803
-71.327881
-115.211205
0.000000
108.662971
-71.437149
-115.225693
-0.000000
108.577347
-71.495613
-115.262238
0.000001
108.543861
-71.432396
-115.257607
-0.000001
108.549179
-71.401321
-115.172668
0.000000
108.515007
-71.466141
-115.104034
0.000000
108.477768
-71.551399
-115.186684
0.000001
108.532112
-71.450676
-115.318199
-0.000001
108.557327
-71.376877
-115.398224
-0.000001
108.670586
-71.248268
-115.318092
-0.000001
108.886101
-70.987701
-115.124458
0.000000
109.071930
-70.890907
-115.130508
-0.000000
109.223907
-70.919807
-115.128761
0.000001
109.254066
-70.882904
-115.089378
0.000000
109.208481
-70.879402
-115.074150
0.000000
109.204735
-70.935448
-115.107079
-0.000001
109.337776
-70.819397
-115.057495
-0.000001
109.443329
-70.741264
-114.951118
0.000001
109.378670
-70.841736
-114.899254
0.000000
109.371277
-70.878830
-114.753510
0.000000
109.372711
-70.905655
-114.658066
-0.000000
109.333008
-71.014412
-114.636345
-0.000000
109.273911
-71.185638
-114.548538
0.000000
109.238197
-71.237930
-114.458702
0.000000
109.363220
-71.110710
-114.366379
-0.000000
109.464050
-71.046280
-114.354347
-0.000000
109.526970
-71.008675
-114.346359
0.000000
109.533180
-70.845436
-114.421730
-0.000000
109.515800
-70.719490
-114.606361
0.000000
109.536118
-70.683777
-114.712860
-0.000000
109.503868
-70.729164
-114.727791
0.000000
109.466469
-70.686089
-114.712929
-0.000000
109.447624
-70.649086
-114.736748
-0.000000
109.418068
-70.612816
-114.796417
0.000000
109.411354
-70.671066
-114.836716
0.000000
109.344688
-70.840012
-114.922928
-0.000000
109.248322
-70.976006
-115.005943
-0.000000
109.172035
-71.105919
-115.099060
0.000000
109.103752
-71.121490
-115.136864
-0.000000
108.961563
-71.143478
-115.160347
-0.000000
108.832642
-71.314346
-115.293533
-0.000000
108.752838
-71.416061
-115.334633
0.000000
108.759560
-71.358406
-115.278465
-0.000000
108.790901
-71.354019
-115.320236
0.000000
108.805389
-71.457016
-115.450394
-0.000000
108.822784
-71.565399
-115.390236
0.000000
108.877174
-71.548553
-115.215614
-0.000000
108.896332
-71.500061
-115.116997
-0.000000
108.986221
-71.410919
-115.056358
-0.000000
109.114555
-71.311218
-114.935562
0.000000
109.276825
-71.227791
-114.794205
-0.000000
109.305817
-71.157921
-114.745216
0.000000
109.191277
-71.233749
-114.936287
-0.000000
109.069862
-71.261169
-115.127861
-0.000000
109.010963
-71.225494
-115.289696
0.000000
108.975296
-71.208412
-115.431175
-0.000000
109.006180
-71.196205
-115.317154
-0.000000
109.022079
-71.185608
-115.113762
-0.000000
108.836891
-71.216431
-115.009491
-0.000000
108.637688
-71.275467
-114.913116
0.000000
108.713768
-71.257462
-114.826866
-0.000000
108.855080
-71.277702
-114.794342
0.000000
108.997795
-71.308380
-114.739647
0.000000
109.100739
-71.288704
-114.711624
0.000000
109.194077
-71.205345
-114.681503
-0.000000
109.257469
-71.109352
-114.616020
-0.000000
109.232918
-71.005341
-114.550697
-0.000000
109.213623
-70.927711
-114.502518
-0.000000
109.181396
-70.962616
-114.503464
-0.000000
109.147331
-71.029587
-114.571655
0.000000
109.159630
-71.034378
-114.654701
0.000000
109.179192
-70.950722
-114.678635
0.000000
109.030334
-70.913612
-114.803452
0.000001
108.903313
-70.948456
-115.016869
-0.000000
108.926193
-70.931152
-115.095734
0.000001
108.824677
-70.952034
-115.070923
-0.000001
108.758507
-70.993874
-115.087532
-0.000000
108.743790
-71.055588
-115.293999
0.000001
108.683823
-71.138863
-115.485558
0.000001
108.570389
-71.319763
-115.716469
0.000000
108.475838
-71.469170
-115.883781
0.000001
108.456329
-71.458267
-115.821930
0.000001
108.521049
-71.411209
-115.709778
-0.000000
108.543022
-71.351700
-115.627586
0.000000
108.632553
-71.235786
-115.574318
0.000001
108.589928
-71.315666
-115.644943
-0.000001
108.498451
-71.491058
-115.659470
0.000001
108.520767
-71.524033
-115.629700
0.000001
108.580437
-71.483582
-115.611816
-0.000000
108.586998
-71.477966
-115.638603
-0.000001
108.684082
-71.390923
-115.549759
-0.000001
108.797234
-71.197632
-115.336998
-0.000001
108.750572
-71.053795
-115.145874
-0.000001
108.671791
-70.949486
-114.938675
-0.000001
108.657883
-70.908409
-114.832779
-0.000001
108.669983
-70.776077
-114.713837
-0.000000
108.634254
-70.618500
-114.586700
-0.000001
108.620438
-70.499710
-114.524216
0.000000
108.538460
-70.494286
-114.552856
0.000000
108.386696
-70.588287
-114.646866
-0.000001
108.294907
-70.728027
-114.723495
0.000001
108.335831
-70.861191
-114.782921
-0.000001
108.428642
-70.870804
-114.853844
0.000000
108.333229
-70.858360
-114.936096
0.000000
108.262222
-70.910553
-114.984688
-0.000001
108.290863
-70.923416
-114.954834
-0.000001
108.311279
-71.064453
-114.944527
-0.000000
108.375679
-71.175697
-114.999931
0.000000
108.417152
-71.189224
-115.062088
0.000000
108.424202
-71.231201
-115.033821
-0.000000
108.336105
-71.281898
-115.078438
-0.000000
108.184357
-71.267227
-115.110596
0.000000
108.121056
-71.260849
-114.971321
-0.000000
108.295944
-71.253288
-114.787086
0.000000
108.475693
-71.197701
-114.728188
-0.000001
108.484985
-71.157181
-114.738594
-0.000001
108.348198
-71.213135
-114.787239
0.000000
108.188324
-71.266525
-114.829422
0.000001
108.138046
-71.265518
-114.877205
0.000000
108.106956
-71.227737
-114.937050
0.000001
108.056961
-71.201675
-114.999985
0.000002
108.058929
-71.176178
-115.046623
-0.000001
108.187172
-71.081299
-114.928619
0.000000
108.268890
-71.054482
-114.856903
-0.000001
108.520309
-70.962540
-114.802567
0.000000
108.765419
-70.957726
-114.759125
0.000001
108.944511
-70.977341
-114.752174
-0.000001
109.000763
-71.064476
-114.793221
0.000001
109.079109
-71.083397
-114.776955
-0.000001
109.181114
-70.987671
-114.644791
0.000000
109.284187
-70.834671
-114.451477
-0.000000
109.237312
-70.781204
-114.379883
-0.000001
109.146957
-70.821884
-114.310577
0.000001
109.109932
-70.807274
-114.265511
-0.000001
109.118599
-70.758675
-114.164268
0.000001
109.046265
-70.749802
-114.148026
0.000001
108.814117
-70.864204
-114.413254
-0.000002
108.624275
-71.056549
-114.683449
-0.000000
108.604523
-71.235649
-114.754601
-0.000000
108.571785
-71.359680
-114.821495
-0.000001
108.557053
-71.350159
-114.847176
0.000001
108.572533
-71.341278
-114.764534
0.000001
108.679077
-71.321976
-114.509972
-0.000001
108.857483
-71.211655
-114.211983
-0.000001
108.881203
-71.165756
-114.063065
-0.000001
108.804039
-71.201302
-114.072945
0.000001
108.713799
-71.342728
-114.152794
-0.000000
108.591331
-71.409828
-114.196526
-0.000001
108.473900
-71.522125
-114.297142
-0.000000
108.389877
-71.654434
-114.535591
0.000001
108.286362
-71.689911
-114.783043
-0.000000
108.218369
-71.616898
-114.886604
0.000000
108.186256
-71.524910
-114.875549
-0.000001
108.242271
-71.378754
-114.840157
-0.000001
108.370346
-71.297882
-114.815422
0.000000
108.473625
-71.174355
-114.735245
-0.000000
108.421928
-71.044617
-114.665062
-0.000000
108.337532
-71.046272
-114.625717
-0.000001
108.306519
-71.048973
-114.610542
-0.000000
108.250702
-71.035629
-114.643723
-0.000000
108.320038
-70.969559
-114.616058
0.000000
108.485115
-70.836189
-114.563477
0.000000
108.623947
-70.777847
-114.586639
0.000001
108.653503
-70.812317
-114.652679
0.000000
108.635178
-70.798897
-114.611580
-0.000000
108.576141
-70.867592
-114.609512
-0.000000
108.535263
-70.959808
-114.650116
0.000000
108.568962
-70.950485
-114.667885
-0.000001
108.606491
-71.044991
-114.738472
0.000000
108.602280
-71.116898
-114.728951
-0.000000
108.604492
-71.055687
-114.609909
-0.000000
108.644012
-70.908928
-114.465912
-0.000000
108.649643
-70.915390
-114.405342
0.000000
108.620575
-71.002548
-114.463554
0.000001
108.697052
-71.020210
-114.448463
-0.000000
108.711815
-71.090469
-114.455963
-0.000001
108.690346
-71.043976
-114.370613
-0.000001
108.702576
-70.973106
-114.316292
0.000000
108.715446
-70.905891
-114.278214
-0.000000
108.627350
-70.823418
-114.235985
0.000000
108.551247
-70.790146
-114.197304
-0.000001
108.435539
-70.857651
-114.243584
0.000001
108.325455
-70.946960
-114.311783
0.000000
108.182312
-71.070694
-114.368340
0.000000
108.123825
-71.069229
-114.302414
-0.000000
108.088783
-71.130211
-114.385468
-0.000000
108.122345
-71.174698
-114.605484
-0.000000
108.216492
-71.122688
-114.716560
0.000000
108.192375
-71.167130
-114.782021
0.000000
108.052330
-71.201317
-114.893501
0.000000
107.990021
-71.170929
-114.833069
0.000000
108.068184
-71.059753
-114.627701
-0.000000
108.114357
-71.054146
-114.477913
0.000000
108.052902
-71.059700
-114.438553
0.000000
107.995056
-71.147690
-114.456619
-0.000000
107.956871
-71.288315
-114.476570
-0.000000
107.895027
-71.433067
-114.532349
-0.000000
107.909660
-71.614243
-114.661346
-0.000000
108.043114
-71.718483
-114.725739
0.000000
108.130615
-71.723640
-114.735413
0.000000
108.120560
-71.597168
-114.699715
0.000000
108.040840
-71.576263
-114.720085
-0.000000
107.984184
-71.520622
-114.741570
-0.000000
107.957451
-71.478378
-114.675102
-0.000000
107.949570
-71.517189
-114.628670
-0.000000
107.943146
-71.401039
-114.608109
0.000000
108.079262
-71.196228
-114.485962
-0.000000
108.233437
-71.054192
-114.414688
0.000000
108.361023
-70.977753
-114.422386
-0.000000
108.384964
-70.886688
-114.365860
-0.000000
108.397583
-70.901360
-114.456367
0.000000
108.377098
-70.957413
-114.546829
0.000000
108.194656
-70.971703
-114.592125
0.000000
108.110474
-70.971916
-114.532608
-0.000000
108.052879
-70.935760
-114.428543
-0.000000
107.998741
-70.908752
-114.412819
0.000000
107.998817
-70.955551
-114.476852
-0.000000
108.006134
-71.007568
-114.564880
-0.000000
108.011856
-70.964691
-114.573837
-0.000000
108.049568
-70.978897
-114.614815
-0.000000
108.176819
-70.924911
-114.682274
-0.000000
108.279739
-70.856407
-114.682541
0.000000
108.292892
-70.887978
-114.742828
-0.000000
108.321159
-71.030891
-114.819748
0.000000
108.345360
-71.103523
-114.860542
-0.000000
108.409683
-71.062004
-114.809708
0.000000
108.551796
-71.067413
-114.717880
0.000000
108.706657
-71.022614
-114.660240
-0.000000
108.823898
-70.981918
-114.625031
-0.000000
108.952881
-70.957870
-114.545807
0.000000
109.038628
-70.880211
-114.439262
-0.000000
109.113869
-70.847359
-114.442528
-0.000000
109.050575
-70.819962
-114.561081
0.000000
108.939774
-70.789986
-114.690170
-0.000000
108.971458
-70.835526
-114.779221
-0.000000
108.999046
-70.954582
-114.837982
-0.000000
108.951134
-71.080544
-114.884377
-0.000000
108.919136
-71.140602
-114.931602
-0.000000
108.797691
-71.147247
-115.023224
0.000001
108.660103
-71.158012
-115.076035
0.000000
108.554947
-71.125862
-115.091248
0.000000
108.558304
-71.142525
-115.049065
0.000000
108.565857
-71.176552
-115.025681
-0.000000
108.455910
-71.161186
-115.030518
0.000000
108.326805
-71.138229
-115.028290
-0.000000
108.235939
-71.106377
-114.943771
0.000000
108.243469
-71.075256
-114.831291
0.000001
108.354958
-71.068413
-114.781662
-0.000000
108.517693
-71.016502
-114.702682
0.000000
108.572983
-71.002014
-114.689262
0.000001
108.639130
-71.005127
-114.718346
-0.000000
108.702499
-71.012703
-114.844719
0.000000
108.756790
-70.971359
-114.886810
-0.000000
108.783691
-70.932999
-114.857681
0.000000
108.870789
-70.944450
-114.855171
-0.000001
108.974876
-70.932060
-114.878952
-0.000000
109.084648
-70.828255
-114.780739
-0.000001
109.109947
-70.793755
-114.701439
-0.000000
109.005211
-70.862091
-114.675331
-0.000000
108.891708
-70.890121
-114.744591
-0.000000
108.852768
-70.870621
-114.832565
0.000001
108.844574
-70.891006
-114.820488
-0.000000
108.826118
-70.935883
-114.744469
-0.000001
108.812813
-70.980011
-114.719330
0.000001
108.866928
-71.010712
-114.702362
0.000001
109.024399
-70.959732
-114.613411
-0.000000
109.112167
-70.865463
-114.518578
0.000001
109.286232
-70.722206
-114.475151
0.000000
109.495804
-70.714279
-114.442024
0.000001
109.576225
-70.831589
-114.411400
-0.000001
109.547218
-70.923325
-114.445480
-0.000000
109.312279
-71.047386
-114.524490
0.000001
109.077957
-71.139488
-114.620583
0.000000
109.052505
-71.197632
-114.688477
-0.000000
109.064156
-71.224136
-114.843231
-0.000000
109.159225
-71.172997
-114.994576
0.000001
109.149818
-71.166222
-115.080360
0.000000
108.928230
-71.266563
-115.151436
0.000000
108.805237
-71.244843
-115.093712
-0.000001
108.824028
-71.117134
-115.069855
0.000001
108.766136
-71.206841
-115.189796
-0.000001
108.721352
-71.305649
-115.217445
0.000000
108.696953
-71.362175
-115.176079
0.000001
108.618431
-71.384186
-115.119049
-0.000001
108.532722
-71.330833
-115.057915
-0.000001
108.584862
-71.284309
-115.032562
0.000000
108.759857
-71.121033
-114.923309
-0.000000
108.827660
-71.006042
-114.835625
-0.000001
108.826736
-70.890457
-114.874306
-0.000000
108.882042
-70.902916
-115.003212
-0.000001
109.051285
-70.932457
-114.977142
-0.000001
109.203911
-70.764359
-114.833260
-0.000001
109.379791
-70.670509
-114.690399
0.000001
109.375908
-70.780373
-114.724686
-0.000000
109.190620
-70.999115
-114.850571
0.000002
108.952469
-71.136864
-114.903488
-0.000002
108.788628
-71.218773
-114.969154
0.000001
108.786400
-71.210098
-114.960434
-0.000001
108.779800
-71.257469
-114.974258
-0.000000
108.792213
-71.329315
-114.970680
-0.000000
108.858177
-71.399239
-114.999901
-0.000000
108.861641
-71.508362
-115.157639
0.000002
108.796974
-71.502281
-115.384399
-0.000001
108.757179
-71.370728
-115.484955
0.000001
108.767982
-71.293137
-115.328491
-0.000001
108.717102
-71.286835
-115.138763
-0.000001
108.687492
-71.357193
-115.050186
0.000001
108.791901
-71.286346
-114.846672
0.000000
108.901039
-71.137894
-114.645645
0.000001
109.053154
-71.059616
-114.492546
-0.000000
109.114799
-71.075111
-114.591064
0.000001
109.008163
-71.093315
-114.848396
0.000001
108.899574
-71.146980
-114.972321
-0.000001
108.923843
-71.112869
-115.017593
-0.000000
109.076599
-71.092087
-115.036934
-0.000001
109.154968
-71.160896
-114.964867
0.000001
109.161491
-71.223007
-114.841194
0.000000
109.140549
-71.186539
-114.644897
0.000000
109.073631
-71.139832
-114.569580
-0.000000
108.950188
-71.208488
-114.620842
0.000001
108.931717
-71.220428
-114.609108
0.000000
108.899338
-71.249702
-114.597153
-0.000001
108.905975
-71.329308
-114.635895
0.000000
108.991623
-71.358543
-114.621727
-0.000001
108.912552
-71.345825
-114.653763
-0.000000
108.794792
-71.251877
-114.640091
0.000001
108.780060
-71.144943
-114.595840
0.000001
108.802498
-71.072014
-114.615059
-0.000001
108.700241
-70.992958
-114.682693
-0.000000
108.614296
-70.931931
-114.789917
-0.000001
108.598389
-70.965950
-114.958809
-0.000001
108.666718
-70.984940
-115.003059
-0.000000
108.792702
-70.987549
-114.973373
-0.000001
108.802887
-71.078522
-115.054245
0.000001
108.722862
-71.200050
-115.219208
-0.000001
108.598900
-71.160744
-115.357597
0.000000
108.588402
-71.058235
-115.426735
-0.000001
108.603683
-71.070770
-115.523697
0.000000
108.485954
-71.160057
-115.626381
0.000000
108.291527
-71.319122
-115.724670
-0.000000
108.190788
-71.347458
-115.723434
-0.000000
108.251884
-71.270561
-115.663170
-0.000001
108.281853
-71.258682
-115.714600
0.000000
108.279144
-71.201797
-115.736343
-0.000001
108.334618
-71.114021
-115.633690
0.000001
108.451569
-70.997528
-115.431747
-0.000001
108.520897
-70.956650
-115.329651
-0.000000
108.528732
-71.103767
-115.381409
-0.000000
108.657661
-71.223518
-115.370865
0.000000
108.862839
-71.185066
-115.170166
-0.000000
108.955101
-71.095467
-115.018219
-0.000000
108.891312
-71.134178
-115.039696
0.000000
108.812248
-71.198761
-115.153954
0.000000
108.706146
-71.163208
-115.289314
-0.000000
108.582802
-71.159454
-115.359238
0.000000
108.475021
-71.193718
-115.347694
0.000000
108.415787
-71.177681
-115.321030
-0.000000
108.370560
-71.132042
-115.328705
0.000000
108.399750
-71.056091
-115.290443
0.000000
108.484718
-70.995964
-115.268204
0.000000
108.533600
-71.033447
-115.314423
0.000000
108.463127
-71.119278
-115.362862
0.000000
108.419098
-71.179741
-115.383011
-0.000000
108.447098
-71.204254
-115.391327
-0.000000
108.394455
-71.293907
-115.427353
0.000000
108.309578
-71.342178
-115.310005
0.000000
108.222473
-71.309639
-115.165535
-0.000000
108.199005
-71.203056
-115.105782
0.000000
108.117683
-71.209213
-115.109665
0.000000
108.016357
-71.300301
-115.105141
-0.000000
108.005127
-71.376343
-115.041611
0.000000
108.002365
-71.358032
-115.002075
-0.000000
108.031708
-71.257103
-114.910622
-0.000000
108.197708
-71.182068
-114.828247
0.000000
108.362816
-71.191048
-114.857780
-0.000000
108.513084
-71.122299
-114.802971
0.000000
108.533562
-71.001518
-114.686981
-0.000000
108.432968
-71.050758
-114.691536
0.000000
108.372757
-71.235664
-114.745041
-0.000000
108.386658
-71.323471
-114.752060
0.000000
108.424530
-71.330734
-114.740166
-0.000000
108.331146
-71.419884
-114.827904
-0.000000
108.340141
-71.470505
-114.852249
-0.000000
108.514908
-71.290886
-114.715820
0.000000
108.508026
-71.253952
-114.667175
-0.000000
108.300102
-71.435371
-114.747688
-0.000000
108.130684
-71.531868
-114.874702
0.000000
107.922523
-71.638817
-115.060173
-0.000000
107.855003
-71.694725
-115.196968
-0.000000
107.998970
-71.600624
-115.147308
-0.000000
108.126686
-71.472481
-115.027374
